#!/usr/bin/perl
#

use strict;
use warnings;


sub binary_search {
    
}

my @win_numbers = (22,10,13,14,52,11);
my @buy_numbers = (
                   [5,07,40,46,58,14],
                   [9,10,17,52,56,07],
                   [9,17,37,44,56,25],
                   [2,3,27,28,33,5],
                   [3,4,16,23,39,29],
                   [8,36,40,57,58,7],
                   [11,26,46,48,52,19],
                   [9,17,32,43,49,5],
                   [2,12,18,20,33,11],
                   [29,38,42,44,52,23],
                   [23,34,37,38,55,28],
                   [32,37,30,43,50,26],
                   [9,10,35,46,55,2],
                   [10,20,50,52,53,4],
                   [2,9,27,32,59,18],
                   [4,7,22,34,39,20],
                   [4,7,34,39,59,20],
                   [2,13,21,22,42,30],
                   [5,18,35,41,43,19],
                   [11,27,40,50,57,19],
                   [4,10,32,40,52,8],
                   [19,25,33,55,58,9],
                   [6,33,44,46,50,31],
                   [16,18,22,24,47,5],
                   [24,35,42,58,59,12],
                   [18,19,23,50,52,2],
                   [5,6,18,28,48,2],
                   [1,23,33,44,53,20],
                   [17,34,36,42,57,15],
                   [1,3,17,45,48,23],
                   [4,11,33,41,56,7],
                   [17,20,23,49,57,23],
                   [10,28,30,40,54,29],
                   [7,8,16,52,59,32],
                   [2,24,25,30,50,23],
                   [18,27,44,49,51,9],
                   [20,24,31,39,53,12],
                   [17,27,51,52,56,22],
                   [2,3,8,13,14,2],
                   [5,12,22,28,29,4]
                  );
print "Wining number : ";
print join(',',@win_numbers),"\n";
#check powerball number first
foreach my $buy_number (@buy_numbers) {
    if (@$buy_number[5] == $win_numbers[5]) {
        print "Congratulations! your powerball number matched\n";
        print join(',',@$buy_number),"\n";
    }
    pop(@$buy_number);
}

pop(@win_numbers);


